400.088279   -0.064554   459.935349
250.073649   150.134303   310.178109
250.299862   -149.997321   310.270919
549.785726   -150.518651   609.891814
549.758598   150.415169   609.748395
400.087261   -0.068973   459.940167
250.078859   150.132954   310.169195
250.298781   -149.999499   310.273700
549.783409   -150.522111   609.895276
549.764896   150.420386   609.748175
400.084520   -0.076632   459.942786
250.076209   150.133143   310.168042
250.300395   -150.001827   310.263972
549.790923   -150.521941   609.886369
549.764948   150.420828   609.752173
400.087667   -0.072373   459.942658
250.075965   150.132262   310.171045
250.301081   -150.006947   310.268918
549.789459   -150.521070   609.894030
549.762747   150.426468   609.757850
400.087393   -0.072482   459.941919
250.075943   150.143545   310.182540
250.304579   -150.000414   310.266216
549.797065   -150.524159   609.885953
549.769148   150.426546   609.752039
400.089688   -0.070369   459.943691
250.083375   150.143805   310.171485
250.303017   -149.995521   310.277155
549.794516   -150.516025   609.892468
549.763457   150.425061   609.760102
400.088693   -0.074440   459.940873
250.085290   150.136962   310.167457
250.305397   -150.003301   310.270703
549.794051   -150.510337   609.894098
549.766451   150.427858   609.764238
400.092139   -0.061736   459.950814
250.083576   150.143859   310.174071
250.300487   -150.008763   310.276814
549.789478   -150.521071   609.900267
549.767770   150.422236   609.756669
400.087603   -0.075235   459.944773
250.086501   150.152119   310.171455
250.304565   -150.000936   310.275929
549.793913   -150.500795   609.897806
549.767974   150.429583   609.757316
400.090418   -0.073895   459.945549
250.081812   150.137850   310.173057
250.299799   -150.002281   310.281359
549.790426   -150.509938   609.896523
549.767131   150.426753   609.764860
400.090287   -0.068284   459.948607
250.081251   150.133138   310.172062
250.301278   -150.006751   310.281376
549.796062   -150.514209   609.890118
549.770941   150.428349   609.765604
400.087387   -0.075226   459.949496
250.083594   150.135586   310.171289
250.302097   -150.006917   310.279783
549.798029   -150.525035   609.891877
549.771344   150.427760   609.765442
400.094620   -0.067015   459.942190
250.088626   150.139335   310.172703
250.304493   -150.007120   310.277128
549.794682   -150.507712   609.901946
549.769718   150.422823   609.761357
400.093607   -0.074179   459.944950
250.082496   150.141915   310.180560
250.303954   -150.001130   310.280833
549.795169   -150.508366   609.901543
549.771724   150.422093   609.763628
400.092506   -0.072842   459.947209
250.086058   150.142907   310.173361
250.307352   -150.004289   310.272088
549.798572   -150.519962   609.897071
549.774541   150.430615   609.757197
400.093209   -0.070208   459.955151
250.080536   150.141991   310.177600
250.306199   -150.010728   310.270231
549.794207   -150.532361   609.901555
549.767681   150.423091   609.759459
400.093855   -0.077651   459.946422
250.090374   150.156927   310.173877
250.307156   -150.003691   310.276703
549.797363   -150.516895   609.903602
549.771214   150.420378   609.752927
400.096704   -0.068406   459.944490
250.093754   150.146935   310.163814
250.302873   -150.010768   310.281741
549.798039   -150.524862   609.900231
549.775350   150.428568   609.753453
400.091482   -0.071448   459.948463
250.092224   150.146016   310.164830
250.307683   -150.008963   310.272528
549.803525   -150.510599   609.894739
549.773903   150.434536   609.760494
400.094810   -0.073649   459.946991
250.088481   150.145444   310.175680
250.305564   -150.008489   310.275696
549.802441   -150.515111   609.890894
549.773694   150.429939   609.766856
400.100091   -0.075473   459.935404
250.089741   150.138756   310.173597
250.305239   -150.006879   310.275131
549.801116   -150.527080   609.896398
549.774534   150.429547   609.764450
400.095209   -0.075327   459.947860
250.086581   150.142543   310.173072
250.308578   -150.001805   310.270310
549.801237   -150.512628   609.905012
549.776243   150.428243   609.765108
400.094109   -0.072597   459.949629
250.086772   150.151085   310.177429
250.306171   -150.003800   310.277333
549.803326   -150.522961   609.898717
549.780606   150.433106   609.767144
400.096607   -0.064495   459.952757
250.092556   150.154515   310.171530
250.310294   -149.992472   310.275360
549.801412   -150.523540   609.906011
549.777938   150.427443   609.768593
400.099861   -0.064469   459.948319
250.091019   150.149625   310.167489
250.312105   -149.999636   310.274273
549.803718   -150.519113   609.900307
549.780787   150.429964   609.762074
400.100834   -0.071503   459.945074
250.087755   150.148850   310.173928
250.312585   -149.998469   310.274029
549.809324   -150.504570   609.894374
549.778373   150.426691   609.762734
400.098982   -0.075973   459.950882
250.088061   150.153187   310.175239
250.311617   -150.000131   310.275943
549.804320   -150.508130   609.901751
549.783288   150.429040   609.756045
400.097554   -0.069616   459.958422
250.092561   150.151551   310.167612
250.306863   -150.006661   310.279089
549.804953   -150.508989   609.906219
549.777992   150.432237   609.768495
400.103993   -0.070627   459.946831
250.096103   150.153788   310.172041
250.310272   -150.007186   310.272917
549.807284   -150.519844   609.899948
549.783509   150.430007   609.755776
400.100365   -0.067891   459.950180
250.083343   150.138346   310.173194
250.308059   -150.011805   310.278411
549.806268   -150.518895   609.906334
549.777880   150.429509   609.773653
